host,metric,value,units,timestamp
[redacted],Total memory,8127234048,B,2025-05-28_18-00
[redacted],REDACTED,REDACTED,,2025-05-28_18-00
[redacted],Free swap space,0,B,2025-05-28_18-00
[redacted],CPU system time,3.84232,%,2025-05-28_18-00
[redacted],CPU user time,4.469628,%,2025-05-28_18-00
[redacted],REDACTED,REDACTED,,2025-05-28_18-00
[redacted],System local time,1748455168,unixtime,2025-05-28_18-00
[redacted],Operating system architecture,x86_64,,2025-05-28_18-00
[redacted],Operating system,"Linux version 6.1.0-28-amd64 (debian-kernel@lists.debian.org) (gcc-12 (Debian 12.2.0-14) 12.2.0, GNU ld (GNU Binutils for Debian) 2.40) #1 SMP PREEMPT_DYNAMIC Debian 6.1.119-1 (2024-11-22)",,2025-05-28_18-00
[redacted],Number of installed packages,438,,2025-05-28_18-00
[redacted],Free swap space in %,100,%,2025-05-28_18-00
[redacted],Zabbix agent ping,1,,2025-05-28_18-00
[redacted],Total swap space,0,B,2025-05-28_18-00
[redacted],REDACTED,REDACTED,,2025-05-28_18-00
[redacted],System uptime,7764355,uptime,2025-05-28_18-00
[redacted],Number of logged in users,1,,2025-05-28_18-00
[redacted],Checksum of /etc/passwd,db173fe00e4d09ed43fe1f205fbe4637ce34db66df51b68bbe0e7e97cae0638f,,2025-05-28_18-00
[redacted],Available memory,5046067200,B,2025-05-28_18-00
[redacted],Available memory in %,62.075721,%,2025-05-28_18-00
[redacted],CPU steal time,0,%,2025-05-28_18-00
[redacted],CPU softirq time,0.389705,%,2025-05-28_18-00
[redacted],CPU nice time,0,%,2025-05-28_18-00
[redacted],Load average (1m avg),0.581055,,2025-05-28_18-00
[redacted],Version of Zabbix agent running,7.2.4,,2025-05-28_18-00
[redacted],Maximum number of open file descriptors,9223372036854775807,,2025-05-28_18-00
[redacted],Maximum number of processes,4194304,,2025-05-28_18-00
[redacted],Number of processes,154,,2025-05-28_18-00
[redacted],Number of running processes,1,,2025-05-28_18-00
[redacted],System boot time,1740690822,unixtime,2025-05-28_18-00
[redacted],Interrupts per second,16850.857705205774,,2025-05-28_18-00
[redacted],Load average (5m avg),0.493164,,2025-05-28_18-00
[redacted],CPU iowait time,0.022659,%,2025-05-28_18-00
[redacted],Load average (15m avg),0.439453,,2025-05-28_18-00
[redacted],Number of CPUs,4,,2025-05-28_18-00
[redacted],Context switches per second,33003.24636123594,,2025-05-28_18-00
[redacted],CPU guest time,0,%,2025-05-28_18-00
[redacted],CPU guest nice time,0,%,2025-05-28_18-00
[redacted],CPU idle time,90.583813,%,2025-05-28_18-00
[redacted],CPU interrupt time,0,%,2025-05-28_18-00
[redacted],Zabbix agent availability,1,,2025-05-28_18-00
[redacted],Get filesystems,,,2025-05-28_18-00
[redacted],CPU utilization,9.416186999999994,%,2025-05-28_18-00
[redacted],Memory utilization,37.924279,%,2025-05-28_18-00
[redacted],FS [/]: Get data,"{""fsname"":""/"",""options"":""rw,relatime,errors=remount-ro"",""bytes"":{""used"":12677550080,""free"":64329809920,""total"":80321626112,""pused"":16.462777,""pfree"":83.537223},""fstype"":""ext4"",""inodes"":{""used"":140286,""free"":4741458,""total"":4881744,""pused"":2.873686,""pfree"":97.126314}}",,2025-05-28_18-00
[redacted],FS [/]: Space: Available,64329809920,B,2025-05-28_18-00
[redacted],FS [/]: Option: Read-only,0,,2025-05-28_18-00
[redacted],FS [/]: Space: Used,12677550080,B,2025-05-28_18-00
[redacted],FS [/]: Space: Total,80321626112,B,2025-05-28_18-00
[redacted],"FS [/]: Space: Used, in %",16.462777,%,2025-05-28_18-00
[redacted],"FS [/]: Inodes: Free, in %",97.126314,%,2025-05-28_18-00
[redacted],Interface eth0: Bits received,7744,bps,2025-05-28_18-00
[redacted],Interface tailscale0: Bits received,24,bps,2025-05-28_18-00
[redacted],Interface pterodactyl0: Bits received,0,bps,2025-05-28_18-00
[redacted],Interface eth0: Outbound packets discarded,0,,2025-05-28_18-00
[redacted],Interface tailscale0: Outbound packets discarded,0,,2025-05-28_18-00
[redacted],Interface pterodactyl0: Outbound packets discarded,0,,2025-05-28_18-00
[redacted],Interface eth0: Inbound packets discarded,0,,2025-05-28_18-00
[redacted],Interface tailscale0: Inbound packets discarded,0,,2025-05-28_18-00
[redacted],Interface pterodactyl0: Inbound packets discarded,0,,2025-05-28_18-00
[redacted],Interface eth0: Inbound packets with errors,0,,2025-05-28_18-00
[redacted],Interface tailscale0: Inbound packets with errors,0,,2025-05-28_18-00
[redacted],Interface pterodactyl0: Inbound packets with errors,0,,2025-05-28_18-00
[redacted],Interface eth0: Outbound packets with errors,0,,2025-05-28_18-00
[redacted],Interface tailscale0: Outbound packets with errors,0,,2025-05-28_18-00
[redacted],Interface pterodactyl0: Outbound packets with errors,0,,2025-05-28_18-00
[redacted],Interface eth0: Bits sent,10320,bps,2025-05-28_18-00
[redacted],Interface tailscale0: Bits sent,8,bps,2025-05-28_18-00
[redacted],Interface pterodactyl0: Bits sent,0,bps,2025-05-28_18-00
[redacted],Interface eth0: Operational status,6,,2025-05-28_18-00
[redacted],Interface tailscale0: Operational status,0,,2025-05-28_18-00
[redacted],Interface pterodactyl0: Operational status,6,,2025-05-28_18-00
[redacted],Interface eth0: Interface type,1,,2025-05-28_18-00
[redacted],Interface tailscale0: Interface type,65534,,2025-05-28_18-00
[redacted],Interface pterodactyl0: Interface type,1,,2025-05-28_18-00
[redacted],Interface pterodactyl0: Speed,10000000000,bps,2025-05-28_18-00
[redacted],sda: Get stats,,,2025-05-28_18-00
[redacted],sda: Disk write time (rate),0.0038666667224111118,,2025-05-28_18-00
[redacted],sda: Disk write rate,5.43333341166389,!w/s,2025-05-28_18-00
[redacted],sda: Disk utilization,0.033333333813888893,%,2025-05-28_18-00
[redacted],sda: Disk read time (rate),0,,2025-05-28_18-00
[redacted],sda: Disk read rate,0,!r/s,2025-05-28_18-00
[redacted],sda: Disk average queue size (avgqu-sz),0.003983333390759723,,2025-05-28_18-00
[redacted],sda: Disk read request avg waiting time (r_await),0,!ms,2025-05-28_18-00
[redacted],sda: Disk write request avg waiting time (w_await),0.6363636363636364,!ms,2025-05-28_18-00
[redacted],Total memory,6212509696,B,2025-05-28_18-00
[redacted],REDACTED,REDACTED,,2025-05-28_18-00
[redacted],Free swap space,0,B,2025-05-28_18-00
[redacted],CPU system time,1.449883,%,2025-05-28_18-00
[redacted],CPU user time,2.3594,%,2025-05-28_18-00
[redacted],REDACTED,REDACTED,,2025-05-28_18-00
[redacted],System local time,1748455162,unixtime,2025-05-28_18-00
[redacted],Operating system architecture,x86_64,,2025-05-28_18-00
[redacted],Operating system,"Linux version 6.1.0-30-amd64 (debian-kernel@lists.debian.org) (gcc-12 (Debian 12.2.0-14) 12.2.0, GNU ld (GNU Binutils for Debian) 2.40) #1 SMP PREEMPT_DYNAMIC Debian 6.1.124-1 (2025-01-12)",,2025-05-28_18-00
[redacted],Number of installed packages,1116,,2025-05-28_18-00
[redacted],Free swap space in %,100,%,2025-05-28_18-00
[redacted],Zabbix agent ping,1,,2025-05-28_18-00
[redacted],Total swap space,0,B,2025-05-28_18-00
[redacted],REDACTED,REDACTED,,2025-05-28_18-00
[redacted],System uptime,864730,uptime,2025-05-28_18-00
[redacted],Number of logged in users,0,,2025-05-28_18-00
[redacted],Checksum of /etc/passwd,97a220aa309785c208bd7ef440e3ab5c32967af27ead18a5bdc912d5cf4baa22,,2025-05-28_18-00
[redacted],Available memory,1143123968,B,2025-05-28_18-00
[redacted],Available memory in %,18.400423,%,2025-05-28_18-00
[redacted],CPU steal time,0,%,2025-05-28_18-00
[redacted],CPU softirq time,0.163419,%,2025-05-28_18-00
[redacted],CPU nice time,0,%,2025-05-28_18-00
[redacted],Connections sum: Active,1,,2025-05-28_18-00
[redacted],Connections sum: Disabled,0,,2025-05-28_18-00
[redacted],Connections sum: Fastpath function call,0,,2025-05-28_18-00
[redacted],Load average (1m avg),0.151855,,2025-05-28_18-00
[redacted],Version of Zabbix agent running,7.2.5,,2025-05-28_18-00
[redacted],Maximum number of open file descriptors,9223372036854775807,,2025-05-28_18-00
[redacted],Maximum number of processes,4194304,,2025-05-28_18-00
[redacted],Number of processes,315,,2025-05-28_18-00
[redacted],Number of running processes,0,,2025-05-28_18-00
[redacted],System boot time,1747590471,unixtime,2025-05-28_18-00
[redacted],Interrupts per second,869.595492927286,,2025-05-28_18-00
[redacted],Load average (5m avg),0.223145,,2025-05-28_18-00
[redacted],CPU iowait time,0.012569,%,2025-05-28_18-00
[redacted],Load average (15m avg),0.189453,,2025-05-28_18-00
[redacted],Number of CPUs,4,,2025-05-28_18-00
[redacted],Context switches per second,1401.085890495064,,2025-05-28_18-00
[redacted],CPU guest time,0,%,2025-05-28_18-00
[redacted],CPU guest nice time,0,%,2025-05-28_18-00
[redacted],CPU idle time,96.347644,%,2025-05-28_18-00
[redacted],CPU interrupt time,0,%,2025-05-28_18-00
[redacted],Zabbix agent availability,1,,2025-05-28_18-00
[redacted],Get filesystems,,,2025-05-28_18-00
[redacted],CPU utilization,3.6523559999999975,%,2025-05-28_18-00
[redacted],Memory utilization,81.599577,%,2025-05-28_18-00
[redacted],Interface eth0: Bits received,48304,bps,2025-05-28_18-00
[redacted],Interface tailscale0: Bits received,2808,bps,2025-05-28_18-00
[redacted],Interface eth0: Outbound packets discarded,0,,2025-05-28_18-00
[redacted],Interface tailscale0: Outbound packets discarded,0,,2025-05-28_18-00
[redacted],Interface eth0: Inbound packets discarded,0,,2025-05-28_18-00
[redacted],Interface tailscale0: Inbound packets discarded,0,,2025-05-28_18-00
[redacted],Interface eth0: Inbound packets with errors,0,,2025-05-28_18-00
[redacted],Interface tailscale0: Inbound packets with errors,0,,2025-05-28_18-00
[redacted],Interface eth0: Outbound packets with errors,0,,2025-05-28_18-00
[redacted],Interface tailscale0: Outbound packets with errors,0,,2025-05-28_18-00
[redacted],Interface eth0: Bits sent,20072,bps,2025-05-28_18-00
[redacted],Interface tailscale0: Bits sent,4080,bps,2025-05-28_18-00
[redacted],Interface eth0: Operational status,6,,2025-05-28_18-00
[redacted],Interface tailscale0: Operational status,0,,2025-05-28_18-00
[redacted],Interface eth0: Interface type,1,,2025-05-28_18-00
[redacted],Interface tailscale0: Interface type,65534,,2025-05-28_18-00
[redacted],Interface br-mailcow: Interface type,1,,2025-05-28_18-00
[redacted],sda: Get stats,,,2025-05-28_18-00
[redacted],sda: Disk write time (rate),0.002383328394441346,,2025-05-28_18-00
[redacted],sda: Disk write rate,2.8499940940522386,!w/s,2025-05-28_18-00
[redacted],sda: Disk utilization,0.06666652851584184,%,2025-05-28_18-00
[redacted],sda: Disk read time (rate),0,,2025-05-28_18-00
[redacted],sda: Disk read rate,0,!r/s,2025-05-28_18-00
[redacted],sda: Disk average queue size (avgqu-sz),0.00253332808360199,,2025-05-28_18-00
[redacted],FS [/]: Get data,"{""fsname"":""/"",""options"":""rw,relatime,errors=remount-ro"",""bytes"":{""used"":16693727232,""free"":381413871616,""total"":419491782656,""pused"":4.1932701813043707,""pfree"":95.806729818695629},""fstype"":""ext4"",""inodes"":{""used"":644117,""free"":25439211,""total"":26083328,""pused"":2.4694586519020887,""pfree"":97.530541348097913}}",,2025-05-28_18-00
[redacted],FS [/]: Space: Available,381413871616,B,2025-05-28_18-00
[redacted],FS [/]: Option: Read-only,0,,2025-05-28_18-00
[redacted],FS [/]: Space: Used,16693727232,B,2025-05-28_18-00
[redacted],FS [/]: Space: Total,419491782656,B,2025-05-28_18-00
[redacted],"FS [/]: Space: Used, in %",4.193270181304371,%,2025-05-28_18-00
[redacted],"FS [/]: Inodes: Free, in %",97.53054134809791,%,2025-05-28_18-00
[redacted],FS [/boot]: Get data,"{""fsname"":""/boot"",""options"":""rw,noatime"",""bytes"":{""used"":153800704,""free"":1793986560,""total"":2071830528,""pused"":7.8961756677755943,""pfree"":92.1038243322244},""fstype"":""ext4"",""inodes"":{""used"":360,""free"":130712,""total"":131072,""pused"":0.274658203125,""pfree"":99.725341796875}}",,2025-05-28_18-00
[redacted],FS [/boot]: Space: Available,1793986560,B,2025-05-28_18-00
[redacted],FS [/boot]: Option: Read-only,0,,2025-05-28_18-00
[redacted],FS [/boot]: Space: Used,153800704,B,2025-05-28_18-00
[redacted],FS [/boot]: Space: Total,2071830528,B,2025-05-28_18-00
[redacted],"FS [/boot]: Space: Used, in %",7.896175667775594,%,2025-05-28_18-00
[redacted],"FS [/boot]: Inodes: Free, in %",99.725341796875,%,2025-05-28_18-00
[redacted],sda: Disk read request avg waiting time (r_await),1,!ms,2025-05-28_18-00
[redacted],sda: Disk write request avg waiting time (w_await),0.8412698412698413,!ms,2025-05-28_18-00
[redacted],Interface br-mailcow: Outbound packets discarded,0,,2025-05-28_18-00
[redacted],Interface br-mailcow: Inbound packets discarded,0,,2025-05-28_18-00
[redacted],Interface br-mailcow: Inbound packets with errors,0,,2025-05-28_18-00
[redacted],Interface br-mailcow: Outbound packets with errors,0,,2025-05-28_18-00
[redacted],Interface br-mailcow: Bits sent,40528,bps,2025-05-28_18-00
[redacted],Interface br-mailcow: Bits received,12216,bps,2025-05-28_18-00
[redacted],Interface br-mailcow: Operational status,6,,2025-05-28_18-00
[redacted],Connections sum: Idle,4,,2025-05-28_18-00
[redacted],Connections sum: Idle in transaction,0,,2025-05-28_18-00
[redacted],Connections sum: Idle in transaction (aborted),0,,2025-05-28_18-00
[redacted],Connections sum: Prepared,0,,2025-05-28_18-00
[redacted],Connections sum: Total,5,,2025-05-28_18-00
[redacted],"Connections sum: Total, %",5,%,2025-05-28_18-00
[redacted],Connections sum: Waiting,4,,2025-05-28_18-00
[redacted],DB [client-forms-shadow]: Bloating tables,0,,2025-05-28_18-00
[redacted],Interface br-mailcow: Speed,10000000000,bps,2025-05-28_18-00
[redacted],Get bgwriter,,,2025-05-28_18-00
[redacted],Get dbstat sum,,,2025-05-28_18-00
[redacted],Get dbstat,,,2025-05-28_18-00
[redacted],Get locks,,,2025-05-28_18-00
[redacted],Age of oldest xid,0,,2025-05-28_18-00
[redacted],Ping,1,,2025-05-28_18-00
[redacted],Get queries,,,2025-05-28_18-00
[redacted],Replication: Standby count,0,,2025-05-28_18-00
[redacted],Replication: Lag in bytes,0,B,2025-05-28_18-00
[redacted],Replication: Lag in seconds,0,s,2025-05-28_18-00
[redacted],Get replication,,,2025-05-28_18-00
[redacted],Replication: Recovery role,0,,2025-05-28_18-00
[redacted],Replication: Status,2,,2025-05-28_18-00
[redacted],Uptime,864688.964559,s,2025-05-28_18-00
[redacted],Version,"PostgreSQL 15.10 (Debian 15.10-0+deb12u1) on x86_64-pc-linux-gnu, compiled by gcc (Debian 12.2.0-14) 12.2.0, 64-bit",,2025-05-28_18-00
[redacted],Get WAL,,,2025-05-28_18-00
[redacted],Bgwriter: Buffers allocated per second,0,,2025-05-28_18-00
[redacted],Bgwriter: Buffers written directly by a backend per second,0,,2025-05-28_18-00
[redacted],Bgwriter: Times a backend executed its own fsync per second,0,,2025-05-28_18-00
[redacted],Checkpoint: Buffers written during checkpoints per second,0,,2025-05-28_18-00
[redacted],Checkpoint: Buffers written by the background writer per second,0,,2025-05-28_18-00
[redacted],Checkpoint: Requested per second,0,,2025-05-28_18-00
[redacted],Checkpoint: Scheduled per second,0,,2025-05-28_18-00
[redacted],Checkpoint: Checkpoint sync time per second,0,s,2025-05-28_18-00
[redacted],Checkpoint: Checkpoint write time per second,0,s,2025-05-28_18-00
[redacted],Bgwriter: Number of bgwriter cleaning scan stopped per second,0,,2025-05-28_18-00
[redacted],Dbstat: Number temp bytes per second,0,b,2025-05-28_18-00
[redacted],Dbstat: Hit blocks read per second,12.000237792512014,,2025-05-28_18-00
[redacted],Dbstat: Disk blocks read per second,0,,2025-05-28_18-00
[redacted],Dbstat: Blocks read time,0,s,2025-05-28_18-00
[redacted],Dbstat: Blocks write time,0,s,2025-05-28_18-00
[redacted],Dbstat: Checksum failures per second,0,,2025-05-28_18-00
[redacted],Dbstat: Conflicts per second,0,,2025-05-28_18-00
[redacted],Dbstat: Deadlocks per second,0,,2025-05-28_18-00
[redacted],Dbstat: Backends connected,5,,2025-05-28_18-00
[redacted],Dbstat: Number temp files per second,0,,2025-05-28_18-00
[redacted],Dbstat: Rows deleted per second,0,,2025-05-28_18-00
[redacted],Dbstat: Rows fetched per second,2.266711583030047,,2025-05-28_18-00
[redacted],Dbstat: Rows inserted per second,0,,2025-05-28_18-00
[redacted],Dbstat: Rows returned per second,127.38585756690183,,2025-05-28_18-00
[redacted],Dbstat: Rows updated per second,0,,2025-05-28_18-00
[redacted],Dbstat: Committed transactions per second,0.5333439018894228,,2025-05-28_18-00
[redacted],Dbstat: Roll backed transactions per second,0.033333993868088926,,2025-05-28_18-00
[redacted],WAL: Segments count,2,,2025-05-28_18-00
[redacted],WAL: Bytes received,0,B,2025-05-28_18-00
[redacted],WAL: Bytes written,0,B,2025-05-28_18-00
[redacted],"Cache hit ratio, %",100,%,2025-05-28_18-00
[redacted],Count of autovacuum workers,0,,2025-05-28_18-00
[redacted],Get connections sum,,,2025-05-28_18-00
[redacted],Get archive,,,2025-05-28_18-00
[redacted],Archive: Count of archived files,0,,2025-05-28_18-00
[redacted],Archive: Count of files in archive_status need to archive,0,,2025-05-28_18-00
[redacted],Archive: Count of failed attempts to archive files,0,,2025-05-28_18-00
[redacted],Archive: Size of files need to archive,0,,2025-05-28_18-00
[redacted],DB [postgres]: Database age,6255,,2025-05-28_18-00
[redacted],DB [shadowCloud]: Database age,6255,,2025-05-28_18-00
[redacted],DB [client-forms]: Database age,6255,,2025-05-28_18-00
[redacted],DB [client-forms-shadow]: Database age,6255,,2025-05-28_18-00
[redacted],DB [shadowCloud]: Bloating tables,0,,2025-05-28_18-00
[redacted],DB [postgres]: Database size,7648047,B,2025-05-28_18-00
[redacted],DB [shadowCloud]: Database size,10703663,B,2025-05-28_18-00
[redacted],DB [client-forms]: Database size,8344367,B,2025-05-28_18-00
[redacted],DB [client-forms-shadow]: Database size,7705391,B,2025-05-28_18-00
[redacted],DB [postgres]: Get dbstat,,,2025-05-28_18-00
[redacted],DB [postgres]: Rollbacks per second,0,,2025-05-28_18-00
[redacted],DB [postgres]: Commits per second,0.3666670609498684,,2025-05-28_18-00
[redacted],DB [postgres]: Tuples updated per second,0,,2025-05-28_18-00
[redacted],DB [postgres]: Tuples returned per second,21.41668969639004,,2025-05-28_18-00
[redacted],DB [postgres]: Tuples inserted per second,0,,2025-05-28_18-00
[redacted],DB [postgres]: Tuples fetched per second,0.23333358424082534,,2025-05-28_18-00
[redacted],DB [postgres]: Tuples deleted per second,0,,2025-05-28_18-00
[redacted],DB [postgres]: Temp_files created per second,0,,2025-05-28_18-00
[redacted],DB [postgres]: Temp_bytes written per second,0,B,2025-05-28_18-00
[redacted],DB [postgres]: Backends connected,2,,2025-05-28_18-00
[redacted],DB [postgres]: Detected deadlocks per second,0,,2025-05-28_18-00
[redacted],DB [postgres]: Detected conflicts per second,0,,2025-05-28_18-00
[redacted],DB [postgres]: Checksum failures,0,,2025-05-28_18-00
[redacted],DB [postgres]: Disk blocks write time,0,s,2025-05-28_18-00
[redacted],DB [postgres]: Disk blocks read time per second,0,s,2025-05-28_18-00
[redacted],DB [postgres]: Blocks hit per second,1.4500015592108433,,2025-05-28_18-00
[redacted],DB [postgres]: Disk blocks read per second,0,,2025-05-28_18-00
[redacted],DB [shadowCloud]: Get dbstat,,,2025-05-28_18-00
[redacted],DB [shadowCloud]: Rollbacks per second,0,,2025-05-28_18-00
[redacted],DB [shadowCloud]: Commits per second,0.050000053765891145,,2025-05-28_18-00
[redacted],DB [shadowCloud]: Tuples updated per second,0,,2025-05-28_18-00
[redacted],DB [shadowCloud]: Tuples returned per second,25.933361219908875,,2025-05-28_18-00
[redacted],DB [shadowCloud]: Tuples inserted per second,0,,2025-05-28_18-00
[redacted],DB [shadowCloud]: Tuples fetched per second,0.23333358424082534,,2025-05-28_18-00
[redacted],DB [shadowCloud]: Tuples deleted per second,0,,2025-05-28_18-00
[redacted],DB [shadowCloud]: Temp_files created per second,0,,2025-05-28_18-00
[redacted],DB [shadowCloud]: Temp_bytes written per second,0,B,2025-05-28_18-00
[redacted],DB [shadowCloud]: Backends connected,1,,2025-05-28_18-00
[redacted],DB [shadowCloud]: Detected deadlocks per second,0,,2025-05-28_18-00
[redacted],DB [shadowCloud]: Detected conflicts per second,0,,2025-05-28_18-00
[redacted],DB [shadowCloud]: Checksum failures,0,,2025-05-28_18-00
[redacted],DB [shadowCloud]: Disk blocks write time,0,s,2025-05-28_18-00
[redacted],DB [shadowCloud]: Disk blocks read time per second,0,s,2025-05-28_18-00
[redacted],DB [shadowCloud]: Blocks hit per second,2.000002150635646,,2025-05-28_18-00
[redacted],DB [shadowCloud]: Disk blocks read per second,0,,2025-05-28_18-00
[redacted],DB [cloud_gameservers]: Get dbstat,,,2025-05-28_18-00
[redacted],DB [cloud_gameservers]: Rollbacks per second,0.03333336917726076,,2025-05-28_18-00
[redacted],DB [cloud_gameservers]: Commits per second,0.03333336917726076,,2025-05-28_18-00
[redacted],DB [cloud_gameservers]: Tuples updated per second,0,,2025-05-28_18-00
[redacted],DB [cloud_gameservers]: Tuples returned per second,17.86668587901177,,2025-05-28_18-00
[redacted],DB [cloud_gameservers]: Tuples inserted per second,0,,2025-05-28_18-00
[redacted],DB [cloud_gameservers]: Tuples fetched per second,0.23333358424082534,,2025-05-28_18-00
[redacted],DB [cloud_gameservers]: Tuples deleted per second,0,,2025-05-28_18-00
[redacted],DB [cloud_gameservers]: Temp_files created per second,0,,2025-05-28_18-00
[redacted],DB [cloud_gameservers]: Temp_bytes written per second,0,B,2025-05-28_18-00
[redacted],DB [cloud_gameservers]: Backends connected,0,,2025-05-28_18-00
[redacted],DB [cloud_gameservers]: Detected deadlocks per second,0,,2025-05-28_18-00
[redacted],DB [cloud_gameservers]: Detected conflicts per second,0,,2025-05-28_18-00
[redacted],DB [cloud_gameservers]: Checksum failures,0,,2025-05-28_18-00
[redacted],DB [cloud_gameservers]: Disk blocks write time,0,s,2025-05-28_18-00
[redacted],DB [cloud_gameservers]: Disk blocks read time per second,0,s,2025-05-28_18-00
[redacted],DB [cloud_gameservers]: Blocks hit per second,1.3166680825018002,,2025-05-28_18-00
[redacted],DB [cloud_gameservers]: Disk blocks read per second,0,,2025-05-28_18-00
[redacted],DB [client-forms]: Get dbstat,,,2025-05-28_18-00
[redacted],DB [client-forms]: Rollbacks per second,0,,2025-05-28_18-00
[redacted],DB [client-forms]: Commits per second,0.06666673835452153,,2025-05-28_18-00
[redacted],DB [client-forms]: Tuples updated per second,0,,2025-05-28_18-00
[redacted],DB [client-forms]: Tuples returned per second,24.250026076457207,,2025-05-28_18-00
[redacted],DB [client-forms]: Tuples inserted per second,0,,2025-05-28_18-00
[redacted],DB [client-forms]: Tuples fetched per second,0.23333358424082534,,2025-05-28_18-00
[redacted],DB [client-forms]: Tuples deleted per second,0,,2025-05-28_18-00
[redacted],DB [client-forms]: Temp_files created per second,0,,2025-05-28_18-00
[redacted],DB [client-forms]: Temp_bytes written per second,0,B,2025-05-28_18-00
[redacted],DB [client-forms]: Backends connected,1,,2025-05-28_18-00
[redacted],DB [client-forms]: Detected deadlocks per second,0,,2025-05-28_18-00
[redacted],DB [client-forms]: Detected conflicts per second,0,,2025-05-28_18-00
[redacted],DB [client-forms]: Checksum failures,0,,2025-05-28_18-00
[redacted],DB [client-forms]: Disk blocks write time,0,s,2025-05-28_18-00
[redacted],DB [client-forms]: Disk blocks read time per second,0,s,2025-05-28_18-00
[redacted],DB [client-forms]: Blocks hit per second,1.4500015592108433,,2025-05-28_18-00
[redacted],DB [client-forms]: Disk blocks read per second,0,,2025-05-28_18-00
[redacted],DB [client-forms-shadow]: Get dbstat,,,2025-05-28_18-00
[redacted],DB [client-forms-shadow]: Rollbacks per second,0,,2025-05-28_18-00
[redacted],DB [client-forms-shadow]: Commits per second,0.06666673835452153,,2025-05-28_18-00
[redacted],DB [client-forms-shadow]: Tuples updated per second,0,,2025-05-28_18-00
[redacted],DB [client-forms-shadow]: Tuples returned per second,21.41668969639004,,2025-05-28_18-00
[redacted],DB [client-forms-shadow]: Tuples inserted per second,0,,2025-05-28_18-00
[redacted],DB [client-forms-shadow]: Tuples fetched per second,0.23333358424082534,,2025-05-28_18-00
[redacted],DB [client-forms-shadow]: Tuples deleted per second,0,,2025-05-28_18-00
[redacted],DB [client-forms-shadow]: Temp_files created per second,0,,2025-05-28_18-00
[redacted],DB [client-forms-shadow]: Temp_bytes written per second,0,B,2025-05-28_18-00
[redacted],DB [client-forms-shadow]: Backends connected,1,,2025-05-28_18-00
[redacted],DB [client-forms-shadow]: Detected deadlocks per second,0,,2025-05-28_18-00
[redacted],DB [client-forms-shadow]: Detected conflicts per second,0,,2025-05-28_18-00
[redacted],DB [client-forms-shadow]: Checksum failures,0,,2025-05-28_18-00
[redacted],DB [client-forms-shadow]: Disk blocks write time,0,s,2025-05-28_18-00
[redacted],DB [client-forms-shadow]: Disk blocks read time per second,0,s,2025-05-28_18-00
[redacted],DB [client-forms-shadow]: Blocks hit per second,1.4500015592108433,,2025-05-28_18-00
[redacted],DB [client-forms-shadow]: Disk blocks read per second,0,,2025-05-28_18-00
[redacted],DB [postgres]: Get locks,,,2025-05-28_18-00
[redacted],DB [postgres]: Num of locks total,1,,2025-05-28_18-00
[redacted],DB [postgres]: Num of share locks,0,,2025-05-28_18-00
[redacted],DB [postgres]: Num of shareupdateexclusive locks,0,,2025-05-28_18-00
[redacted],DB [postgres]: Num of sharerowexclusive locks,0,,2025-05-28_18-00
[redacted],DB [client-forms]: Bloating tables,0,,2025-05-28_18-00
[redacted],DB [postgres]: Bloating tables,0,,2025-05-28_18-00
[redacted],DB [postgres]: Num of rowshare locks,0,,2025-05-28_18-00
[redacted],DB [postgres]: Num of rowexclusive locks,0,,2025-05-28_18-00
[redacted],DB [postgres]: Num of exclusive locks,0,,2025-05-28_18-00
[redacted],DB [postgres]: Num of accessshare locks,1,,2025-05-28_18-00
[redacted],DB [postgres]: Num of accessexclusive locks,0,,2025-05-28_18-00
[redacted],DB [shadowCloud]: Get locks,,,2025-05-28_18-00
[redacted],DB [shadowCloud]: Num of locks total,0,,2025-05-28_18-00
[redacted],DB [shadowCloud]: Num of share locks,0,,2025-05-28_18-00
[redacted],DB [shadowCloud]: Num of shareupdateexclusive locks,0,,2025-05-28_18-00
[redacted],DB [shadowCloud]: Num of sharerowexclusive locks,0,,2025-05-28_18-00
[redacted],DB [shadowCloud]: Num of rowshare locks,0,,2025-05-28_18-00
[redacted],DB [shadowCloud]: Num of rowexclusive locks,0,,2025-05-28_18-00
[redacted],DB [shadowCloud]: Num of exclusive locks,0,,2025-05-28_18-00
[redacted],DB [shadowCloud]: Num of accessshare locks,0,,2025-05-28_18-00
[redacted],DB [shadowCloud]: Num of accessexclusive locks,0,,2025-05-28_18-00
[redacted],DB [cloud_gameservers]: Get locks,,,2025-05-28_18-00
[redacted],DB [cloud_gameservers]: Num of locks total,0,,2025-05-28_18-00
[redacted],DB [cloud_gameservers]: Num of share locks,0,,2025-05-28_18-00
[redacted],DB [cloud_gameservers]: Num of shareupdateexclusive locks,0,,2025-05-28_18-00
[redacted],DB [cloud_gameservers]: Num of sharerowexclusive locks,0,,2025-05-28_18-00
[redacted],DB [cloud_gameservers]: Num of rowshare locks,0,,2025-05-28_18-00
[redacted],DB [cloud_gameservers]: Num of rowexclusive locks,0,,2025-05-28_18-00
[redacted],DB [cloud_gameservers]: Num of exclusive locks,0,,2025-05-28_18-00
[redacted],DB [cloud_gameservers]: Num of accessshare locks,0,,2025-05-28_18-00
[redacted],DB [cloud_gameservers]: Num of accessexclusive locks,0,,2025-05-28_18-00
[redacted],DB [client-forms]: Get locks,,,2025-05-28_18-00
[redacted],DB [client-forms]: Num of locks total,0,,2025-05-28_18-00
[redacted],DB [client-forms]: Num of share locks,0,,2025-05-28_18-00
[redacted],DB [client-forms]: Num of shareupdateexclusive locks,0,,2025-05-28_18-00
[redacted],DB [client-forms]: Num of sharerowexclusive locks,0,,2025-05-28_18-00
[redacted],DB [client-forms]: Num of rowshare locks,0,,2025-05-28_18-00
[redacted],DB [client-forms]: Num of rowexclusive locks,0,,2025-05-28_18-00
[redacted],DB [client-forms]: Num of exclusive locks,0,,2025-05-28_18-00
[redacted],DB [client-forms]: Num of accessshare locks,0,,2025-05-28_18-00
[redacted],DB [client-forms]: Num of accessexclusive locks,0,,2025-05-28_18-00
[redacted],DB [client-forms-shadow]: Get locks,,,2025-05-28_18-00
[redacted],DB [client-forms-shadow]: Num of locks total,0,,2025-05-28_18-00
[redacted],DB [client-forms-shadow]: Num of share locks,0,,2025-05-28_18-00
[redacted],DB [client-forms-shadow]: Num of shareupdateexclusive locks,0,,2025-05-28_18-00
[redacted],DB [client-forms-shadow]: Num of sharerowexclusive locks,0,,2025-05-28_18-00
[redacted],DB [client-forms-shadow]: Num of rowshare locks,0,,2025-05-28_18-00
[redacted],DB [client-forms-shadow]: Num of rowexclusive locks,0,,2025-05-28_18-00
[redacted],DB [client-forms-shadow]: Num of exclusive locks,0,,2025-05-28_18-00
[redacted],DB [client-forms-shadow]: Num of accessshare locks,0,,2025-05-28_18-00
[redacted],DB [client-forms-shadow]: Num of accessexclusive locks,0,,2025-05-28_18-00
[redacted],DB [postgres]: Get queries,,,2025-05-28_18-00
[redacted],DB [postgres]: Queries sum transaction time,0,s,2025-05-28_18-00
[redacted],DB [postgres]: Queries max transaction time,0,s,2025-05-28_18-00
[redacted],DB [postgres]: Queries slow transaction count,0,,2025-05-28_18-00
[redacted],DB [postgres]: Queries sum query time,0,s,2025-05-28_18-00
[redacted],DB [postgres]: Queries max query time,0,s,2025-05-28_18-00
[redacted],DB [postgres]: Queries slow query count,0,,2025-05-28_18-00
[redacted],DB [postgres]: Queries sum maintenance time,0,s,2025-05-28_18-00
[redacted],DB [postgres]: Queries max maintenance time,0,s,2025-05-28_18-00
[redacted],DB [postgres]: Queries slow maintenance count,0,,2025-05-28_18-00
[redacted],DB [shadowCloud]: Get queries,,,2025-05-28_18-00
[redacted],DB [shadowCloud]: Queries sum transaction time,0,s,2025-05-28_18-00
[redacted],DB [shadowCloud]: Queries max transaction time,0,s,2025-05-28_18-00
[redacted],DB [shadowCloud]: Queries slow transaction count,0,,2025-05-28_18-00
[redacted],DB [shadowCloud]: Queries sum query time,0,s,2025-05-28_18-00
[redacted],DB [shadowCloud]: Queries max query time,0,s,2025-05-28_18-00
[redacted],DB [shadowCloud]: Queries slow query count,0,,2025-05-28_18-00
[redacted],DB [shadowCloud]: Queries sum maintenance time,0,s,2025-05-28_18-00
[redacted],DB [shadowCloud]: Queries max maintenance time,0,s,2025-05-28_18-00
[redacted],DB [shadowCloud]: Queries slow maintenance count,0,,2025-05-28_18-00
[redacted],DB [cloud_gameservers]: Get queries,,,2025-05-28_18-00
[redacted],DB [cloud_gameservers]: Queries sum transaction time,0,s,2025-05-28_18-00
[redacted],DB [cloud_gameservers]: Queries max transaction time,0,s,2025-05-28_18-00
[redacted],DB [cloud_gameservers]: Queries slow transaction count,0,,2025-05-28_18-00
[redacted],DB [cloud_gameservers]: Queries sum query time,0,s,2025-05-28_18-00
[redacted],DB [cloud_gameservers]: Queries max query time,0,s,2025-05-28_18-00
[redacted],DB [cloud_gameservers]: Queries slow query count,0,,2025-05-28_18-00
[redacted],DB [cloud_gameservers]: Queries sum maintenance time,0,s,2025-05-28_18-00
[redacted],DB [cloud_gameservers]: Queries max maintenance time,0,s,2025-05-28_18-00
[redacted],DB [cloud_gameservers]: Queries slow maintenance count,0,,2025-05-28_18-00
[redacted],DB [client-forms]: Get queries,,,2025-05-28_18-00
[redacted],DB [client-forms]: Queries sum transaction time,0,s,2025-05-28_18-00
[redacted],DB [client-forms]: Queries max transaction time,0,s,2025-05-28_18-00
[redacted],DB [client-forms]: Queries slow transaction count,0,,2025-05-28_18-00
[redacted],DB [client-forms]: Queries sum query time,0,s,2025-05-28_18-00
[redacted],DB [client-forms]: Queries max query time,0,s,2025-05-28_18-00
[redacted],DB [client-forms]: Queries slow query count,0,,2025-05-28_18-00
[redacted],DB [client-forms]: Queries sum maintenance time,0,s,2025-05-28_18-00
[redacted],DB [client-forms]: Queries max maintenance time,0,s,2025-05-28_18-00
[redacted],DB [client-forms]: Queries slow maintenance count,0,,2025-05-28_18-00
[redacted],DB [client-forms-shadow]: Get queries,,,2025-05-28_18-00
[redacted],DB [client-forms-shadow]: Queries sum transaction time,0,s,2025-05-28_18-00
[redacted],DB [client-forms-shadow]: Queries max transaction time,0,s,2025-05-28_18-00
[redacted],DB [client-forms-shadow]: Queries slow transaction count,0,,2025-05-28_18-00
[redacted],DB [client-forms-shadow]: Queries sum query time,0,s,2025-05-28_18-00
[redacted],DB [client-forms-shadow]: Queries max query time,0,s,2025-05-28_18-00
[redacted],DB [client-forms-shadow]: Queries slow query count,0,,2025-05-28_18-00
[redacted],DB [client-forms-shadow]: Queries sum maintenance time,0,s,2025-05-28_18-00
[redacted],DB [client-forms-shadow]: Queries max maintenance time,0,s,2025-05-28_18-00
[redacted],DB [client-forms-shadow]: Queries slow maintenance count,0,,2025-05-28_18-00
[redacted],Number of processed numeric (float) values per second,6.124201470685229,!vps,2025-05-28_18-00
[redacted],Number of processed character values per second,0,!vps,2025-05-28_18-00
[redacted],Number of processed log values per second,0,!vps,2025-05-28_18-00
[redacted],Number of processed numeric (unsigned) values per second,5.907854137173099,!vps,2025-05-28_18-00
[redacted],Number of processed text values per second,0.9818820217320907,!vps,2025-05-28_18-00
[redacted],Number of processed not supported values per second,0.38276669623369647,!vps,2025-05-28_18-00
[redacted],"Utilization of alerter internal processes, in %",0,%,2025-05-28_18-00
[redacted],"Utilization of configuration syncer internal processes, in %",0.3775527715805732,%,2025-05-28_18-00
[redacted],"Utilization of escalator internal processes, in %",0.08460236886632826,%,2025-05-28_18-00
[redacted],"Utilization of history syncer internal processes, in %",0.3431621759023894,%,2025-05-28_18-00
[redacted],"Utilization of housekeeper internal processes, in %",0,%,2025-05-28_18-00
[redacted],"Utilization of http poller data collector processes, in %",0,%,2025-05-28_18-00
[redacted],"Utilization of icmp pinger data collector processes, in %",0,%,2025-05-28_18-00
[redacted],"Utilization of poller data collector processes, in %",0,%,2025-05-28_18-00
[redacted],"Utilization of proxy poller data collector processes, in %",0,%,2025-05-28_18-00
[redacted],"Utilization of self-monitoring internal processes, in %",0.01694628029147602,%,2025-05-28_18-00
[redacted],"Utilization of timer internal processes, in %",0,%,2025-05-28_18-00
[redacted],"Utilization of trapper data collector processes, in %",0,%,2025-05-28_18-00
[redacted],"Utilization of unreachable poller data collector processes, in %",0,%,2025-05-28_18-00
[redacted],Queue over 10 minutes,0,,2025-05-28_18-00
[redacted],Queue,0,,2025-05-28_18-00
[redacted],"Configuration cache, % used",27.250123023986816,%,2025-05-28_18-00
[redacted],"History write cache, % used",0,%,2025-05-28_18-00
[redacted],"History index cache, % used",0.6186121570736955,%,2025-05-28_18-00
[redacted],"Trend write cache, % used",2.0145416259765625,%,2025-05-28_18-00
[redacted],Number of processed values per second,13.014111206289511,!vps,2025-05-28_18-00
[redacted],"Value cache, % used",1.878538293684098,%,2025-05-28_18-00
[redacted],Value cache hits,29.77468989597562,!vps,2025-05-28_18-00
[redacted],Value cache misses,0,!vps,2025-05-28_18-00
[redacted],Value cache operating mode,0,!vps,2025-05-28_18-00
[redacted],"Utilization of task manager internal processes, in %",0,%,2025-05-28_18-00
[redacted],"Utilization of alert manager internal processes, in %",0,%,2025-05-28_18-00
[redacted],"Utilization of preprocessing manager internal processes, in %",0.06772773450728073,%,2025-05-28_18-00
[redacted],"Utilization of preprocessing worker internal processes, in %",0,%,2025-05-28_18-00
[redacted],Preprocessing queue,0,,2025-05-28_18-00
[redacted],LLD queue,0,,2025-05-28_18-00
[redacted],"Utilization of LLD manager internal processes, in %",0,%,2025-05-28_18-00
[redacted],"Utilization of LLD worker internal processes, in %",0.0678195998643608,%,2025-05-28_18-00
[redacted],"Utilization of alert syncer internal processes, in %",0.033852403520649964,%,2025-05-28_18-00
[redacted],"Trend function cache, % of unique requests",0,%,2025-05-28_18-00
[redacted],"Trend function cache, % of misses",0,%,2025-05-28_18-00
[redacted],"Utilization of availability manager internal processes, in %",0,%,2025-05-28_18-00
[redacted],"Utilization of history poller internal processes, in %",0,%,2025-05-28_18-00
[redacted],"Utilization of trigger housekeeper internal processes, in %",0,%,2025-05-28_18-00
[redacted],Version,7.2.5,,2025-05-28_18-00
[redacted],"Utilization of service manager internal processes, in %",0,%,2025-05-28_18-00
[redacted],"Utilization of ODBC poller data collector processes, in %",0,%,2025-05-28_18-00
[redacted],REDACTED,REDACTED,,2025-05-28_18-00
[redacted],Free swap space,0,B,2025-05-28_18-00
[redacted],CPU system time,1.615142,%,2025-05-28_18-00
[redacted],CPU user time,3.040882,%,2025-05-28_18-00
[redacted],REDACTED,REDACTED,,2025-05-28_18-00
[redacted],System local time,1748455192,unixtime,2025-05-28_18-00
[redacted],Operating system architecture,x86_64,,2025-05-28_18-00
[redacted],Operating system,"Linux version 6.1.0-31-amd64 (debian-kernel@lists.debian.org) (gcc-12 (Debian 12.2.0-14) 12.2.0, GNU ld (GNU Binutils for Debian) 2.40) #1 SMP PREEMPT_DYNAMIC Debian 6.1.128-1 (2025-02-07)",,2025-05-28_18-00
[redacted],Number of installed packages,695,,2025-05-28_18-00
[redacted],Free swap space in %,100,%,2025-05-28_18-00
[redacted],Zabbix agent ping,1,,2025-05-28_18-00
[redacted],Total swap space,0,B,2025-05-28_18-00
[redacted],REDACTED,REDACTED,,2025-05-28_18-00
[redacted],System uptime,7880537,uptime,2025-05-28_18-00
[redacted],Number of logged in users,2,,2025-05-28_18-00
[redacted],Checksum of /etc/passwd,175a50af7684d13571bb4c356efa1bed4c0066ec9268c86ec9b12c26bc129521,,2025-05-28_18-00
[redacted],Available memory,1811300352,B,2025-05-28_18-00
[redacted],Available memory in %,22.048991,%,2025-05-28_18-00
[redacted],Total memory,8127225856,B,2025-05-28_18-00
[redacted],CPU steal time,0,%,2025-05-28_18-00
[redacted],CPU softirq time,0.526072,%,2025-05-28_18-00
[redacted],CPU nice time,0,%,2025-05-28_18-00
[redacted],Load average (1m avg),0.208496,,2025-05-28_18-00
[redacted],Version of Zabbix agent running,7.2.5,,2025-05-28_18-00
[redacted],Maximum number of open file descriptors,9223372036854775807,,2025-05-28_18-00
[redacted],Maximum number of processes,4194304,,2025-05-28_18-00
[redacted],Number of processes,449,,2025-05-28_18-00
[redacted],Number of running processes,1,,2025-05-28_18-00
[redacted],System boot time,1740574663,unixtime,2025-05-28_18-00
[redacted],Interrupts per second,2047.6032402142903,,2025-05-28_18-00
[redacted],Load average (5m avg),0.206055,,2025-05-28_18-00
[redacted],CPU iowait time,0.07571,%,2025-05-28_18-00
[redacted],Load average (15m avg),0.192383,,2025-05-28_18-00
[redacted],Number of CPUs,4,,2025-05-28_18-00
[redacted],Context switches per second,3376.2445261035014,,2025-05-28_18-00
[redacted],CPU guest time,0,%,2025-05-28_18-00
[redacted],CPU guest nice time,0,%,2025-05-28_18-00
[redacted],CPU idle time,94.633695,%,2025-05-28_18-00
[redacted],CPU interrupt time,0,%,2025-05-28_18-00
[redacted],Zabbix agent availability,1,,2025-05-28_18-00
[redacted],CPU utilization,5.366304999999997,%,2025-05-28_18-00
[redacted],Memory utilization,77.951009,%,2025-05-28_18-00
[redacted],Zabbix proxies stats,,,2025-05-28_18-00
[redacted],Get filesystems,,,2025-05-28_18-00
[redacted],Discovery queue,0,,2025-05-28_18-00
[redacted],"Utilization of discovery manager internal processes, in %",0,%,2025-05-28_18-00
[redacted],"Utilization of discovery worker internal processes, in %",0,%,2025-05-28_18-00
[redacted],"Utilization of agent poller data collector processes, in %",0.0847457627118644,%,2025-05-28_18-00
[redacted],"Utilization of http agent poller data collector processes, in %",0,%,2025-05-28_18-00
[redacted],"Utilization of snmp poller data collector processes, in %",0,%,2025-05-28_18-00
[redacted],Number of values synchronized with the database per second,12.13191693438773,!vps,2025-05-28_18-00
[redacted],"Utilization of browser poller data collector processes, in %",0,%,2025-05-28_18-00
[redacted],"Utilization of configuration syncer worker internal processes, in %",0,%,2025-05-28_18-00
[redacted],"Utilization of internal poller data collector processes, in %",0.033846674564224064,%,2025-05-28_18-00
[redacted],"Utilization of proxy group manager internal processes, in %",0,%,2025-05-28_18-00
[redacted],Zabbix proxy groups stats,,,2025-05-28_18-00
[redacted],FS [/]: Get data,"{""fsname"":""/"",""options"":""rw,relatime,errors=remount-ro"",""bytes"":{""used"":44104155136,""free"":32903204864,""total"":80321626112,""pused"":57.272649180545862,""pfree"":42.727350819454138},""fstype"":""ext4"",""inodes"":{""used"":1152197,""free"":3729547,""total"":4881744,""pused"":23.602159392217207,""pfree"":76.3978406077828}}",,2025-05-28_18-00
[redacted],FS [/]: Space: Available,32903204864,B,2025-05-28_18-00
[redacted],FS [/]: Option: Read-only,0,,2025-05-28_18-00
[redacted],FS [/]: Space: Used,44104155136,B,2025-05-28_18-00
[redacted],FS [/]: Space: Total,80321626112,B,2025-05-28_18-00
[redacted],"FS [/]: Space: Used, in %",57.27264918054586,%,2025-05-28_18-00
[redacted],"FS [/]: Inodes: Free, in %",76.3978406077828,%,2025-05-28_18-00
[redacted],Interface eth0: Inbound packets discarded,0,,2025-05-28_18-00
[redacted],Interface tailscale0: Inbound packets discarded,0,,2025-05-28_18-00
[redacted],Interface eth0: Inbound packets with errors,0,,2025-05-28_18-00
[redacted],Interface tailscale0: Inbound packets with errors,0,,2025-05-28_18-00
[redacted],Interface eth0: Bits received,33432,bps,2025-05-28_18-00
[redacted],Interface tailscale0: Bits received,11144,bps,2025-05-28_18-00
[redacted],Interface eth0: Outbound packets discarded,0,,2025-05-28_18-00
[redacted],Interface tailscale0: Outbound packets discarded,0,,2025-05-28_18-00
[redacted],Interface eth0: Outbound packets with errors,0,,2025-05-28_18-00
[redacted],Interface tailscale0: Outbound packets with errors,0,,2025-05-28_18-00
[redacted],Interface eth0: Bits sent,34360,bps,2025-05-28_18-00
[redacted],Interface tailscale0: Bits sent,8176,bps,2025-05-28_18-00
[redacted],Interface eth0: Operational status,6,,2025-05-28_18-00
[redacted],Interface tailscale0: Operational status,0,,2025-05-28_18-00
[redacted],Interface eth0: Interface type,1,,2025-05-28_18-00
[redacted],Interface tailscale0: Interface type,65534,,2025-05-28_18-00
[redacted],Zabbix stats cluster,,,2025-05-28_18-00
[redacted],sda: Get stats,,,2025-05-28_18-00
[redacted],sda: Disk write time (rate),0.0250656092735217,,2025-05-28_18-00
[redacted],sda: Disk write rate,16.71596150355204,!w/s,2025-05-28_18-00
[redacted],sda: Disk utilization,0.3466520431444491,%,2025-05-28_18-00
[redacted],sda: Disk read time (rate),0.00011666174528899728,,2025-05-28_18-00
[redacted],sda: Disk read rate,0.18332559973985288,!r/s,2025-05-28_18-00
[redacted],sda: Disk average queue size (avgqu-sz),0.026848867380082093,,2025-05-28_18-00
[redacted],sda: Disk read request avg waiting time (r_await),0.5384615384615385,!ms,2025-05-28_18-00
[redacted],sda: Disk write request avg waiting time (w_await),0.9476190476190476,!ms,2025-05-28_18-00
[redacted],Get archive,,,2025-05-28_18-00
[redacted],Count of autovacuum workers,0,,2025-05-28_18-00
[redacted],Get connections sum,,,2025-05-28_18-00
[redacted],Get dbstat sum,,,2025-05-28_18-00
[redacted],Get dbstat,,,2025-05-28_18-00
[redacted],Get locks,,,2025-05-28_18-00
[redacted],Age of oldest xid,0,,2025-05-28_18-00
[redacted],Ping,1,,2025-05-28_18-00
[redacted],Get queries,,,2025-05-28_18-00
[redacted],Replication: Standby count,0,,2025-05-28_18-00
[redacted],Replication: Lag in bytes,0,B,2025-05-28_18-00
[redacted],Replication: Lag in seconds,0,s,2025-05-28_18-00
[redacted],Get replication,,,2025-05-28_18-00
[redacted],Replication: Recovery role,0,,2025-05-28_18-00
[redacted],Replication: Status,2,,2025-05-28_18-00
[redacted],Uptime,3808186.051172,s,2025-05-28_18-00
[redacted],Version,"PostgreSQL 17.4 (Debian 17.4-1.pgdg120+2) on x86_64-pc-linux-gnu, compiled by gcc (Debian 12.2.0-14) 12.2.0, 64-bit",,2025-05-28_18-00
[redacted],Get WAL,,,2025-05-28_18-00
[redacted],Archive: Count of archived files,0,,2025-05-28_18-00
[redacted],Archive: Count of files in archive_status need to archive,0,,2025-05-28_18-00
[redacted],Archive: Count of failed attempts to archive files,0,,2025-05-28_18-00
[redacted],Archive: Size of files need to archive,0,,2025-05-28_18-00
[redacted],Dbstat: Number temp bytes per second,0,b,2025-05-28_18-00
[redacted],Dbstat: Hit blocks read per second,191.93272523288,,2025-05-28_18-00
[redacted],Dbstat: Disk blocks read per second,0.13333291089467175,,2025-05-28_18-00
[redacted],Dbstat: Blocks read time,0,s,2025-05-28_18-00
[redacted],Dbstat: Blocks write time,0,s,2025-05-28_18-00
[redacted],Dbstat: Checksum failures per second,0,,2025-05-28_18-00
[redacted],Dbstat: Conflicts per second,0,,2025-05-28_18-00
[redacted],Dbstat: Deadlocks per second,0,,2025-05-28_18-00
[redacted],Dbstat: Backends connected,28,,2025-05-28_18-00
[redacted],Dbstat: Number temp files per second,0,,2025-05-28_18-00
[redacted],Dbstat: Rows deleted per second,0,,2025-05-28_18-00
[redacted],Dbstat: Rows fetched per second,38.59987770400747,,2025-05-28_18-00
[redacted],Dbstat: Rows inserted per second,12.666626534993817,,2025-05-28_18-00
[redacted],Dbstat: Rows returned per second,2040.676867856813,,2025-05-28_18-00
[redacted],Dbstat: Rows updated per second,0.4333319604076832,,2025-05-28_18-00
[redacted],Dbstat: Committed transactions per second,13.949955802355031,,2025-05-28_18-00
[redacted],Dbstat: Roll backed transactions per second,0.01666661386183397,,2025-05-28_18-00
[redacted],Connections sum: Active,1,,2025-05-28_18-00
[redacted],Connections sum: Disabled,0,,2025-05-28_18-00
[redacted],Connections sum: Fastpath function call,0,,2025-05-28_18-00
[redacted],Connections sum: Idle,27,,2025-05-28_18-00
[redacted],Connections sum: Idle in transaction,0,,2025-05-28_18-00
[redacted],Connections sum: Idle in transaction (aborted),0,,2025-05-28_18-00
[redacted],Connections sum: Prepared,0,,2025-05-28_18-00
[redacted],Connections sum: Total,28,,2025-05-28_18-00
[redacted],"Connections sum: Total, %",28,%,2025-05-28_18-00
[redacted],Connections sum: Waiting,27,,2025-05-28_18-00
[redacted],WAL: Segments count,5,,2025-05-28_18-00
[redacted],WAL: Bytes received,0,B,2025-05-28_18-00
[redacted],WAL: Bytes written,16950,B,2025-05-28_18-00
[redacted],"Cache hit ratio, %",99.93528704816492,%,2025-05-28_18-00
[redacted],DB [postgres]: Database age,23169599,,2025-05-28_18-00
[redacted],DB [zabbix]: Database age,23169600,,2025-05-28_18-00
[redacted],DB [synapse]: Database age,23169602,,2025-05-28_18-00
[redacted],DB [postgres]: Bloating tables,0,,2025-05-28_18-00
[redacted],DB [zabbix]: Bloating tables,7,,2025-05-28_18-00
[redacted],DB [synapse]: Bloating tables,0,,2025-05-28_18-00
[redacted],DB [postgres]: Database size,7826579,B,2025-05-28_18-00
[redacted],DB [zabbix]: Database size,3948326035,B,2025-05-28_18-00
[redacted],DB [synapse]: Database size,7900307,B,2025-05-28_18-00
[redacted],DB [postgres]: Get dbstat,,,2025-05-28_18-00
[redacted],DB [postgres]: Rollbacks per second,0.01666668565224385,,2025-05-28_18-00
[redacted],DB [postgres]: Commits per second,0.33333371304487697,,2025-05-28_18-00
[redacted],DB [postgres]: Tuples updated per second,0,,2025-05-28_18-00
[redacted],DB [postgres]: Tuples returned per second,21.666691347917006,,2025-05-28_18-00
[redacted],DB [postgres]: Tuples inserted per second,0,,2025-05-28_18-00
[redacted],DB [postgres]: Tuples fetched per second,0.23333359913141388,,2025-05-28_18-00
[redacted],DB [postgres]: Tuples deleted per second,0,,2025-05-28_18-00
[redacted],DB [postgres]: Temp_files created per second,0,,2025-05-28_18-00
[redacted],DB [postgres]: Temp_bytes written per second,0,B,2025-05-28_18-00
[redacted],DB [postgres]: Backends connected,2,,2025-05-28_18-00
[redacted],DB [postgres]: Detected deadlocks per second,0,,2025-05-28_18-00
[redacted],DB [postgres]: Detected conflicts per second,0,,2025-05-28_18-00
[redacted],DB [postgres]: Checksum failures,0,,2025-05-28_18-00
[redacted],DB [postgres]: Disk blocks write time,0,s,2025-05-28_18-00
[redacted],DB [postgres]: Disk blocks read time per second,0,s,2025-05-28_18-00
[redacted],DB [postgres]: Blocks hit per second,1.4666683373974587,,2025-05-28_18-00
[redacted],DB [postgres]: Disk blocks read per second,0,,2025-05-28_18-00
[redacted],DB [zabbix]: Get dbstat,,,2025-05-28_18-00
[redacted],DB [zabbix]: Rollbacks per second,0,,2025-05-28_18-00
[redacted],DB [zabbix]: Commits per second,13.533348749622006,,2025-05-28_18-00
[redacted],DB [zabbix]: Tuples updated per second,0.43333382695834005,,2025-05-28_18-00
[redacted],DB [zabbix]: Tuples returned per second,1981.8522575939683,,2025-05-28_18-00
[redacted],DB [zabbix]: Tuples inserted per second,12.633347724400837,,2025-05-28_18-00
[redacted],DB [zabbix]: Tuples fetched per second,37.65004288841885,,2025-05-28_18-00
[redacted],DB [zabbix]: Tuples deleted per second,0,,2025-05-28_18-00
[redacted],DB [zabbix]: Temp_files created per second,0,,2025-05-28_18-00
[redacted],DB [zabbix]: Temp_bytes written per second,0,B,2025-05-28_18-00
[redacted],DB [zabbix]: Backends connected,25,,2025-05-28_18-00
[redacted],DB [zabbix]: Detected deadlocks per second,0,,2025-05-28_18-00
[redacted],DB [zabbix]: Detected conflicts per second,0,,2025-05-28_18-00
[redacted],DB [zabbix]: Checksum failures,0,,2025-05-28_18-00
[redacted],DB [zabbix]: Disk blocks write time,0,s,2025-05-28_18-00
[redacted],DB [zabbix]: Disk blocks read time per second,0,s,2025-05-28_18-00
[redacted],DB [zabbix]: Blocks hit per second,186.4002123346952,,2025-05-28_18-00
[redacted],DB [zabbix]: Disk blocks read per second,0.1333334852179508,,2025-05-28_18-00
[redacted],DB [synapse]: Get dbstat,,,2025-05-28_18-00
[redacted],DB [synapse]: Rollbacks per second,0,,2025-05-28_18-00
[redacted],DB [synapse]: Commits per second,0.05000005695673155,,2025-05-28_18-00
[redacted],DB [synapse]: Tuples updated per second,0,,2025-05-28_18-00
[redacted],DB [synapse]: Tuples returned per second,21.666691347917006,,2025-05-28_18-00
[redacted],DB [synapse]: Tuples inserted per second,0,,2025-05-28_18-00
[redacted],DB [synapse]: Tuples fetched per second,0.23333359913141388,,2025-05-28_18-00
[redacted],DB [synapse]: Tuples deleted per second,0,,2025-05-28_18-00
[redacted],DB [synapse]: Temp_files created per second,0,,2025-05-28_18-00
[redacted],DB [synapse]: Temp_bytes written per second,0,B,2025-05-28_18-00
[redacted],DB [synapse]: Backends connected,1,,2025-05-28_18-00
[redacted],DB [synapse]: Detected deadlocks per second,0,,2025-05-28_18-00
[redacted],DB [synapse]: Detected conflicts per second,0,,2025-05-28_18-00
[redacted],DB [synapse]: Checksum failures,0,,2025-05-28_18-00
[redacted],DB [synapse]: Disk blocks write time,0,s,2025-05-28_18-00
[redacted],DB [synapse]: Disk blocks read time per second,0,s,2025-05-28_18-00
[redacted],DB [synapse]: Blocks hit per second,1.4666683373974587,,2025-05-28_18-00
[redacted],DB [synapse]: Disk blocks read per second,0,,2025-05-28_18-00
[redacted],DB [postgres]: Get locks,,,2025-05-28_18-00
[redacted],DB [postgres]: Num of locks total,1,,2025-05-28_18-00
[redacted],DB [postgres]: Num of share locks,0,,2025-05-28_18-00
[redacted],DB [postgres]: Num of shareupdateexclusive locks,0,,2025-05-28_18-00
[redacted],DB [postgres]: Num of sharerowexclusive locks,0,,2025-05-28_18-00
[redacted],DB [postgres]: Num of rowshare locks,0,,2025-05-28_18-00
[redacted],DB [postgres]: Num of rowexclusive locks,0,,2025-05-28_18-00
[redacted],DB [postgres]: Num of exclusive locks,0,,2025-05-28_18-00
[redacted],DB [postgres]: Num of accessshare locks,1,,2025-05-28_18-00
[redacted],DB [postgres]: Num of accessexclusive locks,0,,2025-05-28_18-00
[redacted],DB [zabbix]: Get locks,,,2025-05-28_18-00
[redacted],DB [zabbix]: Num of locks total,0,,2025-05-28_18-00
[redacted],DB [zabbix]: Num of share locks,0,,2025-05-28_18-00
[redacted],DB [zabbix]: Num of shareupdateexclusive locks,0,,2025-05-28_18-00
[redacted],DB [zabbix]: Num of sharerowexclusive locks,0,,2025-05-28_18-00
[redacted],DB [zabbix]: Num of rowshare locks,0,,2025-05-28_18-00
[redacted],DB [zabbix]: Num of rowexclusive locks,0,,2025-05-28_18-00
[redacted],DB [zabbix]: Num of exclusive locks,0,,2025-05-28_18-00
[redacted],DB [zabbix]: Num of accessshare locks,0,,2025-05-28_18-00
[redacted],DB [zabbix]: Num of accessexclusive locks,0,,2025-05-28_18-00
[redacted],DB [synapse]: Get locks,,,2025-05-28_18-00
[redacted],DB [synapse]: Num of locks total,0,,2025-05-28_18-00
[redacted],DB [synapse]: Num of share locks,0,,2025-05-28_18-00
[redacted],DB [synapse]: Num of shareupdateexclusive locks,0,,2025-05-28_18-00
[redacted],DB [synapse]: Num of sharerowexclusive locks,0,,2025-05-28_18-00
[redacted],DB [synapse]: Num of rowshare locks,0,,2025-05-28_18-00
[redacted],DB [synapse]: Num of rowexclusive locks,0,,2025-05-28_18-00
[redacted],DB [synapse]: Num of exclusive locks,0,,2025-05-28_18-00
[redacted],DB [synapse]: Num of accessshare locks,0,,2025-05-28_18-00
[redacted],DB [synapse]: Num of accessexclusive locks,0,,2025-05-28_18-00
[redacted],DB [postgres]: Get queries,,,2025-05-28_18-00
[redacted],DB [postgres]: Queries sum transaction time,0,s,2025-05-28_18-00
[redacted],DB [postgres]: Queries max transaction time,0,s,2025-05-28_18-00
[redacted],DB [postgres]: Queries slow transaction count,0,,2025-05-28_18-00
[redacted],DB [postgres]: Queries sum query time,0,s,2025-05-28_18-00
[redacted],DB [postgres]: Queries max query time,0,s,2025-05-28_18-00
[redacted],DB [postgres]: Queries slow query count,0,,2025-05-28_18-00
[redacted],DB [postgres]: Queries sum maintenance time,0,s,2025-05-28_18-00
[redacted],DB [postgres]: Queries max maintenance time,0,s,2025-05-28_18-00
[redacted],DB [postgres]: Queries slow maintenance count,0,,2025-05-28_18-00
[redacted],DB [zabbix]: Get queries,,,2025-05-28_18-00
[redacted],DB [zabbix]: Queries sum transaction time,0,s,2025-05-28_18-00
[redacted],DB [zabbix]: Queries max transaction time,0,s,2025-05-28_18-00
[redacted],DB [zabbix]: Queries slow transaction count,0,,2025-05-28_18-00
[redacted],DB [zabbix]: Queries sum query time,0,s,2025-05-28_18-00
[redacted],DB [zabbix]: Queries max query time,0,s,2025-05-28_18-00
[redacted],DB [zabbix]: Queries slow query count,0,,2025-05-28_18-00
[redacted],DB [zabbix]: Queries sum maintenance time,0,s,2025-05-28_18-00
[redacted],DB [zabbix]: Queries max maintenance time,0,s,2025-05-28_18-00
[redacted],DB [zabbix]: Queries slow maintenance count,0,,2025-05-28_18-00
[redacted],DB [synapse]: Get queries,,,2025-05-28_18-00
[redacted],DB [synapse]: Queries sum transaction time,0,s,2025-05-28_18-00
[redacted],DB [synapse]: Queries max transaction time,0,s,2025-05-28_18-00
[redacted],DB [synapse]: Queries slow transaction count,0,,2025-05-28_18-00
[redacted],DB [synapse]: Queries sum query time,0,s,2025-05-28_18-00
[redacted],DB [synapse]: Queries max query time,0,s,2025-05-28_18-00
[redacted],DB [synapse]: Queries slow query count,0,,2025-05-28_18-00
[redacted],DB [synapse]: Queries sum maintenance time,0,s,2025-05-28_18-00
[redacted],DB [synapse]: Queries max maintenance time,0,s,2025-05-28_18-00
[redacted],DB [synapse]: Queries slow maintenance count,0,,2025-05-28_18-00
[redacted],Interface tap104i0: Bits received,144,bps,2025-05-28_18-00
[redacted],Interface enp8s0: Bits received,75952,bps,2025-05-28_18-00
[redacted],Interface enp9s0f0: Bits received,0,bps,2025-05-28_18-00
[redacted],Total memory,33571323904,B,2025-05-28_18-00
[redacted],REDACTED,REDACTED,,2025-05-28_18-00
[redacted],Free swap space,8589930496,B,2025-05-28_18-00
[redacted],CPU system time,0.797564,%,2025-05-28_18-00
[redacted],CPU user time,0.057268,%,2025-05-28_18-00
[redacted],REDACTED,REDACTED,,2025-05-28_18-00
[redacted],System local time,1748455163,unixtime,2025-05-28_18-00
[redacted],Operating system architecture,x86_64,,2025-05-28_18-00
[redacted],Operating system,"Linux version 6.8.4-2-pve (build@proxmox) (gcc (Debian 12.2.0-14) 12.2.0, GNU ld (GNU Binutils for Debian) 2.40) #1 SMP PREEMPT_DYNAMIC PMX 6.8.4-2 (2024-04-10T17:36Z)",,2025-05-28_18-00
[redacted],Number of installed packages,714,,2025-05-28_18-00
[redacted],Free swap space in %,100,%,2025-05-28_18-00
[redacted],Zabbix agent ping,1,,2025-05-28_18-00
[redacted],Total swap space,8589930496,B,2025-05-28_18-00
[redacted],REDACTED,REDACTED,,2025-05-28_18-00
[redacted],System uptime,2275138,uptime,2025-05-28_18-00
[redacted],Number of logged in users,0,,2025-05-28_18-00
[redacted],Checksum of /etc/passwd,690c5b8b95506ac75f2759ba1137c653aa392a20debfe3a850b91385494c8d31,,2025-05-28_18-00
[redacted],Available memory,6422171648,B,2025-05-28_18-00
[redacted],Available memory in %,19.129933,%,2025-05-28_18-00
[redacted],CPU steal time,0,%,2025-05-28_18-00
[redacted],CPU softirq time,0.001397,%,2025-05-28_18-00
[redacted],CPU nice time,0,%,2025-05-28_18-00
[redacted],Load average (1m avg),0.688477,,2025-05-28_18-00
[redacted],Version of Zabbix agent running,7.2.5,,2025-05-28_18-00
[redacted],Maximum number of open file descriptors,9223372036854775807,,2025-05-28_18-00
[redacted],Maximum number of processes,4194304,,2025-05-28_18-00
[redacted],Number of processes,339,,2025-05-28_18-00
[redacted],Number of running processes,1,,2025-05-28_18-00
[redacted],System boot time,1746180064,unixtime,2025-05-28_18-00
[redacted],Interrupts per second,10916.904741284136,,2025-05-28_18-00
[redacted],Load average (5m avg),0.739258,,2025-05-28_18-00
[redacted],CPU iowait time,0.012574,%,2025-05-28_18-00
[redacted],Load average (15m avg),0.689941,,2025-05-28_18-00
[redacted],Number of CPUs,12,,2025-05-28_18-00
[redacted],Context switches per second,18270.45789022516,,2025-05-28_18-00
[redacted],CPU guest time,3.536052,%,2025-05-28_18-00
[redacted],CPU guest nice time,0,%,2025-05-28_18-00
[redacted],CPU idle time,95.575456,%,2025-05-28_18-00
[redacted],CPU interrupt time,0,%,2025-05-28_18-00
[redacted],Zabbix agent availability,1,,2025-05-28_18-00
[redacted],Get filesystems,,,2025-05-28_18-00
[redacted],CPU utilization,4.424543999999997,%,2025-05-28_18-00
[redacted],Memory utilization,80.870067,%,2025-05-28_18-00
[redacted],FS [/]: Get data,"{""fsname"":""/"",""options"":""rw,relatime,errors=remount-ro"",""bytes"":{""used"":12782587904,""free"":82908401664,""total"":100861726720,""pused"":13.358194,""pfree"":86.641806},""fstype"":""ext4"",""inodes"":{""used"":54942,""free"":6236514,""total"":6291456,""pused"":0.87328,""pfree"":99.12672}}",,2025-05-28_18-00
[redacted],FS [/]: Space: Available,82908401664,B,2025-05-28_18-00
[redacted],FS [/]: Option: Read-only,0,,2025-05-28_18-00
[redacted],FS [/]: Space: Used,12782587904,B,2025-05-28_18-00
[redacted],FS [/]: Space: Total,100861726720,B,2025-05-28_18-00
[redacted],"FS [/]: Space: Used, in %",13.358194,%,2025-05-28_18-00
[redacted],"FS [/]: Inodes: Free, in %",99.12672,%,2025-05-28_18-00
[redacted],Interface enp9s0f1: Bits received,0,bps,2025-05-28_18-00
[redacted],Interface vmbr0: Bits received,23184,bps,2025-05-28_18-00
[redacted],Interface tap101i0: Bits received,2480,bps,2025-05-28_18-00
[redacted],Interface tailscale0: Bits received,3456,bps,2025-05-28_18-00
[redacted],Interface enp8s0: Outbound packets discarded,0,,2025-05-28_18-00
[redacted],Interface enp9s0f0: Outbound packets discarded,0,,2025-05-28_18-00
[redacted],Interface enp9s0f1: Outbound packets discarded,0,,2025-05-28_18-00
[redacted],Interface vmbr0: Outbound packets discarded,0,,2025-05-28_18-00
[redacted],Interface tap101i0: Outbound packets discarded,0,,2025-05-28_18-00
[redacted],Interface fwpr107p0: Bits received,3184,bps,2025-05-28_18-00
[redacted],Interface tap107i0: Bits received,3184,bps,2025-05-28_18-00
[redacted],Interface tailscale0: Outbound packets discarded,0,,2025-05-28_18-00
[redacted],Interface enp8s0: Inbound packets discarded,0,,2025-05-28_18-00
[redacted],Interface enp9s0f0: Inbound packets discarded,0,,2025-05-28_18-00
[redacted],Interface enp9s0f1: Inbound packets discarded,0,,2025-05-28_18-00
[redacted],Interface vmbr0: Inbound packets discarded,0,,2025-05-28_18-00
[redacted],Interface tap101i0: Inbound packets discarded,0,,2025-05-28_18-00
[redacted],Interface tailscale0: Inbound packets discarded,0,,2025-05-28_18-00
[redacted],Interface enp8s0: Inbound packets with errors,0,,2025-05-28_18-00
[redacted],Interface enp9s0f0: Inbound packets with errors,0,,2025-05-28_18-00
[redacted],Interface enp9s0f1: Inbound packets with errors,0,,2025-05-28_18-00
[redacted],Interface vmbr0: Inbound packets with errors,0,,2025-05-28_18-00
[redacted],Interface tap101i0: Inbound packets with errors,0,,2025-05-28_18-00
[redacted],Interface tailscale0: Inbound packets with errors,0,,2025-05-28_18-00
[redacted],Interface enp8s0: Outbound packets with errors,0,,2025-05-28_18-00
[redacted],Interface enp9s0f0: Outbound packets with errors,0,,2025-05-28_18-00
[redacted],Interface enp9s0f1: Outbound packets with errors,0,,2025-05-28_18-00
[redacted],Interface vmbr0: Outbound packets with errors,0,,2025-05-28_18-00
[redacted],Interface tap101i0: Outbound packets with errors,0,,2025-05-28_18-00
[redacted],Interface tailscale0: Outbound packets with errors,0,,2025-05-28_18-00
[redacted],Interface enp8s0: Bits sent,21864,bps,2025-05-28_18-00
[redacted],Interface enp9s0f0: Bits sent,0,bps,2025-05-28_18-00
[redacted],Interface enp9s0f1: Bits sent,0,bps,2025-05-28_18-00
[redacted],Interface vmbr0: Bits sent,11368,bps,2025-05-28_18-00
[redacted],Interface tap101i0: Bits sent,17648,bps,2025-05-28_18-00
[redacted],Interface tailscale0: Bits sent,4392,bps,2025-05-28_18-00
[redacted],Interface enp8s0: Operational status,6,,2025-05-28_18-00
[redacted],Interface enp9s0f0: Operational status,2,,2025-05-28_18-00
[redacted],Interface enp9s0f1: Operational status,2,,2025-05-28_18-00
[redacted],Interface vmbr0: Operational status,6,,2025-05-28_18-00
[redacted],Interface tailscale0: Operational status,0,,2025-05-28_18-00
[redacted],Interface enp8s0: Interface type,1,,2025-05-28_18-00
[redacted],Interface enp9s0f0: Interface type,1,,2025-05-28_18-00
[redacted],Interface enp9s0f1: Interface type,1,,2025-05-28_18-00
[redacted],Interface vmbr0: Interface type,1,,2025-05-28_18-00
[redacted],Interface tap101i0: Interface type,1,,2025-05-28_18-00
[redacted],Interface tap107i0: Operational status,0,,2025-05-28_18-00
[redacted],Interface fwln107i0: Operational status,6,,2025-05-28_18-00
[redacted],Interface tap107i0: Outbound packets discarded,0,,2025-05-28_18-00
[redacted],Interface tap107i0: Interface type,1,,2025-05-28_18-00
[redacted],Interface fwbr107i0: Interface type,1,,2025-05-28_18-00
[redacted],Interface fwpr107p0: Interface type,1,,2025-05-28_18-00
[redacted],Interface fwln107i0: Interface type,1,,2025-05-28_18-00
[redacted],Interface tailscale0: Interface type,65534,,2025-05-28_18-00
[redacted],Interface enp8s0: Speed,1000000000,bps,2025-05-28_18-00
[redacted],Interface fwbr107i0: Outbound packets discarded,0,,2025-05-28_18-00
[redacted],Interface vmbr0: Speed,10000000000,bps,2025-05-28_18-00
[redacted],Interface fwpr107p0: Outbound packets discarded,0,,2025-05-28_18-00
[redacted],Interface tap107i0: Inbound packets discarded,0,,2025-05-28_18-00
[redacted],Interface tap101i0: Speed,10000000000,bps,2025-05-28_18-00
[redacted],Interface fwbr107i0: Inbound packets discarded,0,,2025-05-28_18-00
[redacted],Interface fwpr107p0: Inbound packets with errors,0,,2025-05-28_18-00
[redacted],Interface fwln107i0: Outbound packets with errors,0,,2025-05-28_18-00
[redacted],Interface tap107i0: Bits sent,53160,bps,2025-05-28_18-00
[redacted],Interface fwpr107p0: Bits sent,52920,bps,2025-05-28_18-00
[redacted],Interface fwln107i0: Bits sent,2944,bps,2025-05-28_18-00
[redacted],Interface tap104i0: Inbound packets with errors,0,,2025-05-28_18-00
[redacted],Interface tap104i0: Interface type,1,,2025-05-28_18-00
[redacted],Interface tap104i0: Inbound packets discarded,0,,2025-05-28_18-00
[redacted],Interface tap104i0: Bits sent,13608,bps,2025-05-28_18-00
[redacted],Interface tap104i0: Operational status,0,,2025-05-28_18-00
[redacted],Interface tap107i0: Speed,10000000000,bps,2025-05-28_18-00
[redacted],Interface tap101i0: Operational status,0,,2025-05-28_18-00
[redacted],nvme0n1: Get stats,,,2025-05-28_18-00
[redacted],nvme0n1: Disk write time (rate),0.002200038777993503,,2025-05-28_18-00
[redacted],nvme0n1: Disk write rate,32.0505649248599,!w/s,2025-05-28_18-00
[redacted],nvme0n1: Disk utilization,0.5683433509816549,%,2025-05-28_18-00
[redacted],nvme0n1: Disk read time (rate),0.00036667312966558386,,2025-05-28_18-00
[redacted],nvme0n1: Disk read rate,0.7000123384524782,!r/s,2025-05-28_18-00
[redacted],nvme0n1: Disk average queue size (avgqu-sz),0.003916735703246009,,2025-05-28_18-00
[redacted],nvme0n1: Disk read request avg waiting time (r_await),0.5476190476190477,!ms,2025-05-28_18-00
[redacted],nvme0n1: Disk write request avg waiting time (w_await),0.07804878048780489,!ms,2025-05-28_18-00
[redacted],Interface tap104i0: Outbound packets discarded,0,,2025-05-28_18-00
[redacted],Interface tap106i0: Bits received,5312,bps,2025-05-28_18-00
[redacted],Interface tap106i0: Interface type,1,,2025-05-28_18-00
[redacted],Interface tap106i0: Speed,10000000000,bps,2025-05-28_18-00
[redacted],Interface fwbr107i0: Speed,10000000000,bps,2025-05-28_18-00
[redacted],Interface fwpr107p0: Speed,10000000000,bps,2025-05-28_18-00
[redacted],Interface tap104i0: Speed,10000000000,bps,2025-05-28_18-00
[redacted],Interface fwln107i0: Speed,10000000000,bps,2025-05-28_18-00
[redacted],Interface tap104i0: Outbound packets with errors,0,,2025-05-28_18-00
[redacted],Interface tap106i0: Operational status,0,,2025-05-28_18-00
[redacted],Interface fwbr107i0: Operational status,6,,2025-05-28_18-00
[redacted],Interface fwpr107p0: Operational status,6,,2025-05-28_18-00
[redacted],Interface tap106i0: Outbound packets discarded,0,,2025-05-28_18-00
[redacted],Interface tap106i0: Inbound packets discarded,0,,2025-05-28_18-00
[redacted],Interface tap106i0: Inbound packets with errors,0,,2025-05-28_18-00
[redacted],Interface tap106i0: Outbound packets with errors,0,,2025-05-28_18-00
[redacted],Interface tap106i0: Bits sent,16544,bps,2025-05-28_18-00
[redacted],Interface fwbr107i0: Bits received,13288,bps,2025-05-28_18-00
[redacted],Interface fwln107i0: Bits received,56464,bps,2025-05-28_18-00
[redacted],Interface fwln107i0: Outbound packets discarded,0,,2025-05-28_18-00
[redacted],Interface fwpr107p0: Inbound packets discarded,0,,2025-05-28_18-00
[redacted],Interface fwln107i0: Inbound packets discarded,0,,2025-05-28_18-00
[redacted],Interface tap107i0: Inbound packets with errors,0,,2025-05-28_18-00
[redacted],Interface fwbr107i0: Inbound packets with errors,0,,2025-05-28_18-00
[redacted],Interface fwln107i0: Inbound packets with errors,0,,2025-05-28_18-00
[redacted],Interface tap107i0: Outbound packets with errors,0,,2025-05-28_18-00
[redacted],Interface fwbr107i0: Outbound packets with errors,0,,2025-05-28_18-00
[redacted],Interface fwpr107p0: Outbound packets with errors,0,,2025-05-28_18-00
[redacted],Interface fwbr107i0: Bits sent,0,bps,2025-05-28_18-00
[redacted],Total memory,2025361408,B,2025-05-28_18-00
[redacted],REDACTED,REDACTED,,2025-05-28_18-00
[redacted],Free swap space,0,B,2025-05-28_18-00
[redacted],CPU system time,0.116842,%,2025-05-28_18-00
[redacted],CPU user time,0.066778,%,2025-05-28_18-00
[redacted],REDACTED,REDACTED,,2025-05-28_18-00
[redacted],System local time,1748455154,unixtime,2025-05-28_18-00
[redacted],Operating system architecture,x86_64,,2025-05-28_18-00
[redacted],Operating system,"Linux version 6.1.0-29-cloud-amd64 (debian-kernel@lists.debian.org) (gcc-12 (Debian 12.2.0-14) 12.2.0, GNU ld (GNU Binutils for Debian) 2.40) #1 SMP PREEMPT_DYNAMIC Debian 6.1.123-1 (2025-01-02)",,2025-05-28_18-00
[redacted],Number of installed packages,587,,2025-05-28_18-00
[redacted],Free swap space in %,100,%,2025-05-28_18-00
[redacted],Zabbix agent ping,1,,2025-05-28_18-00
[redacted],Total swap space,0,B,2025-05-28_18-00
[redacted],REDACTED,REDACTED,,2025-05-28_18-00
[redacted],System uptime,10519192,uptime,2025-05-28_18-00
[redacted],Number of logged in users,0,,2025-05-28_18-00
[redacted],Checksum of /etc/passwd,eb4c435bc7d99018096642bddfcb7ff5c828068b31a35bd228f7bee7a9d52342,,2025-05-28_18-00
[redacted],Available memory,1154899968,B,2025-05-28_18-00
[redacted],Available memory in %,57.02192,%,2025-05-28_18-00
[redacted],CPU steal time,0.008345,%,2025-05-28_18-00
[redacted],CPU softirq time,0.008347,%,2025-05-28_18-00
[redacted],CPU nice time,0,%,2025-05-28_18-00
[redacted],Load average (1m avg),0,,2025-05-28_18-00
[redacted],Version of Zabbix agent running,7.2.4,,2025-05-28_18-00
[redacted],Maximum number of open file descriptors,9223372036854775807,,2025-05-28_18-00
[redacted],Maximum number of processes,4194304,,2025-05-28_18-00
[redacted],Number of processes,97,,2025-05-28_18-00
[redacted],Number of running processes,1,,2025-05-28_18-00
[redacted],System boot time,1737936001,unixtime,2025-05-28_18-00
[redacted],Interrupts per second,147.8965365063471,,2025-05-28_18-00
[redacted],Load average (5m avg),0,,2025-05-28_18-00
[redacted],CPU iowait time,0,%,2025-05-28_18-00
[redacted],Load average (15m avg),0,,2025-05-28_18-00
[redacted],Number of CPUs,2,,2025-05-28_18-00
[redacted],Context switches per second,219.3110658181973,,2025-05-28_18-00
[redacted],CPU guest time,0,%,2025-05-28_18-00
[redacted],CPU guest nice time,0,%,2025-05-28_18-00
[redacted],CPU idle time,99.791301,%,2025-05-28_18-00
[redacted],CPU interrupt time,0,%,2025-05-28_18-00
[redacted],Zabbix agent availability,1,,2025-05-28_18-00
[redacted],Get filesystems,,,2025-05-28_18-00
[redacted],CPU utilization,0.20869899999999575,%,2025-05-28_18-00
[redacted],Memory utilization,42.97808,%,2025-05-28_18-00
[redacted],sda: Get stats,,,2025-05-28_18-00
[redacted],sda: Disk write time (rate),0.0002833312174913561,,2025-05-28_18-00
[redacted],sda: Disk write rate,0.9833259901170595,!w/s,2025-05-28_18-00
[redacted],sda: Disk utilization,0,%,2025-05-28_18-00
[redacted],sda: Disk read time (rate),0,,2025-05-28_18-00
[redacted],sda: Disk read rate,0,!r/s,2025-05-28_18-00
[redacted],sda: Disk average queue size (avgqu-sz),0.0003166643019021039,,2025-05-28_18-00
[redacted],Interface ens3: Bits received,8520,bps,2025-05-28_18-00
[redacted],Interface tailscale0: Bits received,1872,bps,2025-05-28_18-00
[redacted],Interface ens3: Outbound packets discarded,0,,2025-05-28_18-00
[redacted],Interface tailscale0: Outbound packets discarded,0,,2025-05-28_18-00
[redacted],Interface ens3: Inbound packets discarded,0,,2025-05-28_18-00
[redacted],Interface tailscale0: Inbound packets discarded,0,,2025-05-28_18-00
[redacted],Interface ens3: Inbound packets with errors,0,,2025-05-28_18-00
[redacted],Interface tailscale0: Inbound packets with errors,0,,2025-05-28_18-00
[redacted],Interface ens3: Outbound packets with errors,0,,2025-05-28_18-00
[redacted],Interface tailscale0: Outbound packets with errors,0,,2025-05-28_18-00
[redacted],Interface ens3: Bits sent,11304,bps,2025-05-28_18-00
[redacted],Interface tailscale0: Bits sent,3088,bps,2025-05-28_18-00
[redacted],Interface ens3: Operational status,6,,2025-05-28_18-00
[redacted],Interface tailscale0: Operational status,0,,2025-05-28_18-00
[redacted],Interface ens3: Interface type,1,,2025-05-28_18-00
[redacted],Interface tailscale0: Interface type,65534,,2025-05-28_18-00
[redacted],FS [/]: Get data,"{""fsname"":""/"",""options"":""rw,relatime,discard,errors=remount-ro"",""bytes"":{""used"":7048802304,""free"":33300197376,""total"":42098429952,""pused"":17.469584,""pfree"":82.530416},""fstype"":""ext4"",""inodes"":{""used"":48631,""free"":2564617,""total"":2613248,""pused"":1.860941,""pfree"":98.139059}}",,2025-05-28_18-00
[redacted],FS [/]: Space: Available,33300197376,B,2025-05-28_18-00
[redacted],FS [/]: Option: Read-only,0,,2025-05-28_18-00
[redacted],FS [/]: Space: Used,7048802304,B,2025-05-28_18-00
[redacted],FS [/]: Space: Total,42098429952,B,2025-05-28_18-00
[redacted],"FS [/]: Space: Used, in %",17.469584,%,2025-05-28_18-00
[redacted],"FS [/]: Inodes: Free, in %",98.139059,%,2025-05-28_18-00
[redacted],sda: Disk read request avg waiting time (r_await),0,!ms,2025-05-28_18-00
[redacted],sda: Disk write request avg waiting time (w_await),0.22764227642276424,!ms,2025-05-28_18-00
